1 3 3
2 6 3
3 11 5
4 15 4
5 19 4
6 22 3
7 27 5
8 32 5
9 36 4
10 39 3
11 45 6
12 51 6
13 59 8
14 67 8
15 74 7
16 81 7
17 90 9
18 98 8
19 106 8
20 112 6
21 121 9
22 130 9
23 141 11
24 151 10
25 161 10
26 170 9
27 181 11
28 192 11
29 202 10
30 208 6
31 217 9
32 226 9
33 237 11
34 247 10
35 257 10
36 266 9
37 277 11
38 288 11
39 298 10
40 303 5
41 311 8
42 319 8
43 329 10
44 338 9
45 347 9
46 355 8
47 365 10
48 375 10
49 384 9
50 389 5
51 397 8
52 405 8
53 415 10
54 424 9
55 433 9
56 441 8
57 451 10
58 461 10
59 470 9
60 475 5
61 483 8
62 491 8
63 501 10
64 510 9
65 519 9
66 527 8
67 537 10
68 547 10
69 556 9
70 563 7
71 573 10
72 583 10
73 595 12
74 606 11
75 617 11
76 627 10
77 639 12
78 651 12
79 662 11
80 668 6
81 677 9
82 686 9
83 697 11
84 707 10
85 717 10
86 726 9
87 737 11
88 748 11
89 758 10
90 764 6
91 773 9
92 782 9
93 793 11
94 803 10
95 813 10
96 822 9
97 833 11
98 844 11
99 854 10
100 864 10
101 880 16
102 896 16
103 914 18
104 931 17
105 948 17
106 964 16
107 982 18
108 1000 18
109 1017 17
110 1033 16
111 1052 19
112 1071 19
113 1092 21
114 1113 21
115 1133 20
116 1153 20
117 1175 22
118 1196 21
119 1217 21
120 1236 19
121 1258 22
122 1280 22
123 1304 24
124 1327 23
125 1350 23
126 1372 22
127 1396 24
128 1420 24
129 1443 23
130 1462 19
131 1484 22
132 1506 22
133 1530 24
134 1553 23
135 1576 23
136 1598 22
137 1622 24
138 1646 24
139 1669 23
140 1687 18
141 1708 21
142 1729 21
143 1752 23
144 1774 22
145 1796 22
146 1817 21
147 1840 23
148 1863 23
149 1885 22
150 1903 18
151 1924 21
152 1945 21
153 1968 23
154 1990 22
155 2012 22
156 2033 21
157 2056 23
158 2079 23
159 2101 22
160 2119 18
161 2140 21
162 2161 21
163 2184 23
164 2206 22
165 2228 22
166 2249 21
167 2272 23
168 2295 23
169 2317 22
170 2337 20
171 2360 23
172 2383 23
173 2408 25
174 2432 24
175 2456 24
176 2479 23
177 2504 25
178 2529 25
179 2553 24
180 2572 19
181 2594 22
182 2616 22
183 2640 24
184 2663 23
185 2686 23
186 2708 22
187 2732 24
188 2756 24
189 2779 23
190 2798 19
191 2820 22
192 2842 22
193 2866 24
194 2889 23
195 2912 23
196 2934 22
197 2958 24
198 2982 24
199 3005 23
200 3015 10
201 3031 16
202 3047 16
203 3065 18
204 3082 17
205 3099 17
206 3115 16
207 3133 18
208 3151 18
209 3168 17
210 3184 16
211 3203 19
212 3222 19
213 3243 21
214 3264 21
215 3284 20
216 3304 20
217 3326 22
218 3347 21
219 3368 21
220 3387 19
221 3409 22
222 3431 22
223 3455 24
224 3478 23
225 3501 23
226 3523 22
227 3547 24
228 3571 24
229 3594 23
230 3613 19
231 3635 22
232 3657 22
233 3681 24
234 3704 23
235 3727 23
236 3749 22
237 3773 24
238 3797 24
239 3820 23
240 3838 18
241 3859 21
242 3880 21
243 3903 23
244 3925 22
245 3947 22
246 3968 21
247 3991 23
248 4014 23
249 4036 22
250 4054 18
251 4075 21
252 4096 21
253 4119 23
254 4141 22
255 4163 22
256 4184 21
257 4207 23
258 4230 23
259 4252 22
260 4270 18
261 4291 21
262 4312 21
263 4335 23
264 4357 22
265 4379 22
266 4400 21
267 4423 23
268 4446 23
269 4468 22
270 4488 20
271 4511 23
272 4534 23
273 4559 25
274 4583 24
275 4607 24
276 4630 23
277 4655 25
278 4680 25
279 4704 24
280 4723 19
281 4745 22
282 4767 22
283 4791 24
284 4814 23
285 4837 23
286 4859 22
287 4883 24
288 4907 24
289 4930 23
290 4949 19
291 4971 22
292 4993 22
293 5017 24
294 5040 23
295 5063 23
296 5085 22
297 5109 24
298 5133 24
299 5156 23
300 5168 12
301 5186 18
302 5204 18
303 5224 20
304 5243 19
305 5262 19
306 5280 18
307 5300 20
308 5320 20
309 5339 19
310 5357 18
311 5378 21
312 5399 21
313 5422 23
314 5445 23
315 5467 22
316 5489 22
317 5513 24
318 5536 23
319 5559 23
320 5580 21
321 5604 24
322 5628 24
323 5654 26
324 5679 25
325 5704 25
326 5728 24
327 5754 26
328 5780 26
329 5805 25
330 5826 21
331 5850 24
332 5874 24
333 5900 26
334 5925 25
335 5950 25
336 5974 24
337 6000 26
338 6026 26
339 6051 25
340 6071 20
341 6094 23
342 6117 23
343 6142 25
344 6166 24
345 6190 24
346 6213 23
347 6238 25
348 6263 25
349 6287 24
350 6307 20
351 6330 23
352 6353 23
353 6378 25
354 6402 24
355 6426 24
356 6449 23
357 6474 25
358 6499 25
359 6523 24
360 6543 20
361 6566 23
362 6589 23
363 6614 25
364 6638 24
365 6662 24
366 6685 23
367 6710 25
368 6735 25
369 6759 24
370 6781 22
371 6806 25
372 6831 25
373 6858 27
374 6884 26
375 6910 26
376 6935 25
377 6962 27
378 6989 27
379 7015 26
380 7036 21
381 7060 24
382 7084 24
383 7110 26
384 7135 25
385 7160 25
386 7184 24
387 7210 26
388 7236 26
389 7261 25
390 7282 21
391 7306 24
392 7330 24
393 7356 26
394 7381 25
395 7406 25
396 7430 24
397 7456 26
398 7482 26
399 7507 25
400 7518 11
401 7535 17
402 7552 17
403 7571 19
404 7589 18
405 7607 18
406 7624 17
407 7643 19
408 7662 19
409 7680 18
410 7697 17
411 7717 20
412 7737 20
413 7759 22
414 7781 22
415 7802 21
416 7823 21
417 7846 23
418 7868 22
419 7890 22
420 7910 20
421 7933 23
422 7956 23
423 7981 25
424 8005 24
425 8029 24
426 8052 23
427 8077 25
428 8102 25
429 8126 24
430 8146 20
431 8169 23
432 8192 23
433 8217 25
434 8241 24
435 8265 24
436 8288 23
437 8313 25
438 8338 25
439 8362 24
440 8381 19
441 8403 22
442 8425 22
443 8449 24
444 8472 23
445 8495 23
446 8517 22
447 8541 24
448 8565 24
449 8588 23
450 8607 19
451 8629 22
452 8651 22
453 8675 24
454 8698 23
455 8721 23
456 8743 22
457 8767 24
458 8791 24
459 8814 23
460 8833 19
461 8855 22
462 8877 22
463 8901 24
464 8924 23
465 8947 23
466 8969 22
467 8993 24
468 9017 24
469 9040 23
470 9061 21
471 9085 24
472 9109 24
473 9135 26
474 9160 25
475 9185 25
476 9209 24
477 9235 26
478 9261 26
479 9286 25
480 9306 20
481 9329 23
482 9352 23
483 9377 25
484 9401 24
485 9425 24
486 9448 23
487 9473 25
488 9498 25
489 9522 24
490 9542 20
491 9565 23
492 9588 23
493 9613 25
494 9637 24
495 9661 24
496 9684 23
497 9709 25
498 9734 25
499 9758 24
500 9769 11
501 9786 17
502 9803 17
503 9822 19
504 9840 18
505 9858 18
506 9875 17
507 9894 19
508 9913 19
509 9931 18
510 9948 17
511 9968 20
512 9988 20
513 10010 22
514 10032 22
515 10053 21
516 10074 21
517 10097 23
518 10119 22
519 10141 22
520 10161 20
521 10184 23
522 10207 23
523 10232 25
524 10256 24
525 10280 24
526 10303 23
527 10328 25
528 10353 25
529 10377 24
530 10397 20
531 10420 23
532 10443 23
533 10468 25
534 10492 24
535 10516 24
536 10539 23
537 10564 25
538 10589 25
539 10613 24
540 10632 19
541 10654 22
542 10676 22
543 10700 24
544 10723 23
545 10746 23
546 10768 22
547 10792 24
548 10816 24
549 10839 23
550 10858 19
551 10880 22
552 10902 22
553 10926 24
554 10949 23
555 10972 23
556 10994 22
557 11018 24
558 11042 24
559 11065 23
560 11084 19
561 11106 22
562 11128 22
563 11152 24
564 11175 23
565 11198 23
566 11220 22
567 11244 24
568 11268 24
569 11291 23
570 11312 21
571 11336 24
572 11360 24
573 11386 26
574 11411 25
575 11436 25
576 11460 24
577 11486 26
578 11512 26
579 11537 25
580 11557 20
581 11580 23
582 11603 23
583 11628 25
584 11652 24
585 11676 24
586 11699 23
587 11724 25
588 11749 25
589 11773 24
590 11793 20
591 11816 23
592 11839 23
593 11864 25
594 11888 24
595 11912 24
596 11935 23
597 11960 25
598 11985 25
599 12009 24
600 12019 10
601 12035 16
602 12051 16
603 12069 18
604 12086 17
605 12103 17
606 12119 16
607 12137 18
608 12155 18
609 12172 17
610 12188 16
611 12207 19
612 12226 19
613 12247 21
614 12268 21
615 12288 20
616 12308 20
617 12330 22
618 12351 21
619 12372 21
620 12391 19
621 12413 22
622 12435 22
623 12459 24
624 12482 23
625 12505 23
626 12527 22
627 12551 24
628 12575 24
629 12598 23
630 12617 19
631 12639 22
632 12661 22
633 12685 24
634 12708 23
635 12731 23
636 12753 22
637 12777 24
638 12801 24
639 12824 23
640 12842 18
641 12863 21
642 12884 21
643 12907 23
644 12929 22
645 12951 22
646 12972 21
647 12995 23
648 13018 23
649 13040 22
650 13058 18
651 13079 21
652 13100 21
653 13123 23
654 13145 22
655 13167 22
656 13188 21
657 13211 23
658 13234 23
659 13256 22
660 13274 18
661 13295 21
662 13316 21
663 13339 23
664 13361 22
665 13383 22
666 13404 21
667 13427 23
668 13450 23
669 13472 22
670 13492 20
671 13515 23
672 13538 23
673 13563 25
674 13587 24
675 13611 24
676 13634 23
677 13659 25
678 13684 25
679 13708 24
680 13727 19
681 13749 22
682 13771 22
683 13795 24
684 13818 23
685 13841 23
686 13863 22
687 13887 24
688 13911 24
689 13934 23
690 13953 19
691 13975 22
692 13997 22
693 14021 24
694 14044 23
695 14067 23
696 14089 22
697 14113 24
698 14137 24
699 14160 23
700 14172 12
701 14190 18
702 14208 18
703 14228 20
704 14247 19
705 14266 19
706 14284 18
707 14304 20
708 14324 20
709 14343 19
710 14361 18
711 14382 21
712 14403 21
713 14426 23
714 14449 23
715 14471 22
716 14493 22
717 14517 24
718 14540 23
719 14563 23
720 14584 21
721 14608 24
722 14632 24
723 14658 26
724 14683 25
725 14708 25
726 14732 24
727 14758 26
728 14784 26
729 14809 25
730 14830 21
731 14854 24
732 14878 24
733 14904 26
734 14929 25
735 14954 25
736 14978 24
737 15004 26
738 15030 26
739 15055 25
740 15075 20
741 15098 23
742 15121 23
743 15146 25
744 15170 24
745 15194 24
746 15217 23
747 15242 25
748 15267 25
749 15291 24
750 15311 20
751 15334 23
752 15357 23
753 15382 25
754 15406 24
755 15430 24
756 15453 23
757 15478 25
758 15503 25
759 15527 24
760 15547 20
761 15570 23
762 15593 23
763 15618 25
764 15642 24
765 15666 24
766 15689 23
767 15714 25
768 15739 25
769 15763 24
770 15785 22
771 15810 25
772 15835 25
773 15862 27
774 15888 26
775 15914 26
776 15939 25
777 15966 27
778 15993 27
779 16019 26
780 16040 21
781 16064 24
782 16088 24
783 16114 26
784 16139 25
785 16164 25
786 16188 24
787 16214 26
788 16240 26
789 16265 25
790 16286 21
791 16310 24
792 16334 24
793 16360 26
794 16385 25
795 16410 25
796 16434 24
797 16460 26
798 16486 26
799 16511 25
800 16523 12
801 16541 18
802 16559 18
803 16579 20
804 16598 19
805 16617 19
806 16635 18
807 16655 20
808 16675 20
809 16694 19
810 16712 18
811 16733 21
812 16754 21
813 16777 23
814 16800 23
815 16822 22
816 16844 22
817 16868 24
818 16891 23
819 16914 23
820 16935 21
821 16959 24
822 16983 24
823 17009 26
824 17034 25
825 17059 25
826 17083 24
827 17109 26
828 17135 26
829 17160 25
830 17181 21
831 17205 24
832 17229 24
833 17255 26
834 17280 25
835 17305 25
836 17329 24
837 17355 26
838 17381 26
839 17406 25
840 17426 20
841 17449 23
842 17472 23
843 17497 25
844 17521 24
845 17545 24
846 17568 23
847 17593 25
848 17618 25
849 17642 24
850 17662 20
851 17685 23
852 17708 23
853 17733 25
854 17757 24
855 17781 24
856 17804 23
857 17829 25
858 17854 25
859 17878 24
860 17898 20
861 17921 23
862 17944 23
863 17969 25
864 17993 24
865 18017 24
866 18040 23
867 18065 25
868 18090 25
869 18114 24
870 18136 22
871 18161 25
872 18186 25
873 18213 27
874 18239 26
875 18265 26
876 18290 25
877 18317 27
878 18344 27
879 18370 26
880 18391 21
881 18415 24
882 18439 24
883 18465 26
884 18490 25
885 18515 25
886 18539 24
887 18565 26
888 18591 26
889 18616 25
890 18637 21
891 18661 24
892 18685 24
893 18711 26
894 18736 25
895 18761 25
896 18785 24
897 18811 26
898 18837 26
899 18862 25
900 18873 11
901 18890 17
902 18907 17
903 18926 19
904 18944 18
905 18962 18
906 18979 17
907 18998 19
908 19017 19
909 19035 18
910 19052 17
911 19072 20
912 19092 20
913 19114 22
914 19136 22
915 19157 21
916 19178 21
917 19201 23
918 19223 22
919 19245 22
920 19265 20
921 19288 23
922 19311 23
923 19336 25
924 19360 24
925 19384 24
926 19407 23
927 19432 25
928 19457 25
929 19481 24
930 19501 20
931 19524 23
932 19547 23
933 19572 25
934 19596 24
935 19620 24
936 19643 23
937 19668 25
938 19693 25
939 19717 24
940 19736 19
941 19758 22
942 19780 22
943 19804 24
944 19827 23
945 19850 23
946 19872 22
947 19896 24
948 19920 24
949 19943 23
950 19962 19
951 19984 22
952 20006 22
953 20030 24
954 20053 23
955 20076 23
956 20098 22
957 20122 24
958 20146 24
959 20169 23
960 20188 19
961 20210 22
962 20232 22
963 20256 24
964 20279 23
965 20302 23
966 20324 22
967 20348 24
968 20372 24
969 20395 23
970 20416 21
971 20440 24
972 20464 24
973 20490 26
974 20515 25
975 20540 25
976 20564 24
977 20590 26
978 20616 26
979 20641 25
980 20661 20
981 20684 23
982 20707 23
983 20732 25
984 20756 24
985 20780 24
986 20803 23
987 20828 25
988 20853 25
989 20877 24
990 20897 20
991 20920 23
992 20943 23
993 20968 25
994 20992 24
995 21016 24
996 21039 23
997 21064 25
998 21089 25
999 21113 24
1000 21124 11
21124