1
40755
1533776805
57722156241751
4881517694390701
20099148075620628
41633061528565650
70922167694909856
76145874062391381
114389905430132475
120998943547416028
160389129511272753
168197900116554010
214143546305812215
223152049399091176
232346151754174461
241725853371062070
275653155813750861
285861391395027526
296255226238108515
306834660342993828
356325926104363060
367919493435441753
379698660028324770
391663425883012111
434545653527097778
447338953346174175
460317852427054896
473482350769739941
534513605970305781
548692237539184206
563056468369866955
577606298462354028
629443451307836571
644821815364712700
660385778683393153
676135341263877930
748706585903640378
765470281710318535
843393160562657271
896214686495603028
926441205059628261
1035711607628034351
1042347789355421286
1107033677635647135
1123962211694802171
1183412825106875065
1289831856598193590
1322979637787118828
1733071126469853880
1805018330296537128
1934084429337093186
2010481271265797578
2039856536686545741
2102054934747680191
